0974589640 0971871756
0974589641 0971871756
0974589642 0971871756
0974589643 0971871756
0974589644 0971871756
0974589645 0971871756
0974589646 0971871756
0974589647 0971871756
0974589648 0971871756
0974589649 0971871756
09745896410 0971871756
09745896411 0971871756
0971871750 0971871756
0971871752 0971871756
0971871753 0971871756
0971871754 0971871756
0971871755 0971871756
0971871756 0971871756
0971871757 0971871756
0971871758 0971871756
0971871759 0971871756
09718717510 0971871756
09718717511 0971871756
0949958750 0971871756
0949958751 0971871756
0949958752 0971871756
0949958753 0971871756
0949958754 0971871756
0949958755 0971871756
0949958756 0971871756
0949958757 0971871756
0949958758 0971871756
0949958759 0971871756
09499587510 0971871756
09499587511 0971871756
anhcuty 0971871756
anhcuty1 0971871756
anhcuty2 0971871756
anhcuty3 0971871756
tunggalam59 0971871756
0869644721 0971871756
0869644722 0971871756
0869644723 0971871756
0869644724 0971871756
0869644725 0971871756
0869644726 0971871756
0869644727 0971871756
0869644728 0971871756
0869644729 0971871756
08696447210 0971871756
08696447211 0971871756
lethenhan batanvlog
lethenhan1 batanvlog
lethenhan2 batanvlog
lethenhan3 batanvlog
lethenhan4 batanvlog
lethenhan5 batanvlog
lethenhan6 batanvlog
lethenhan7 batanvlog
lethenhan8 batanvlog
lethenhan9 batanvlog
lethenhan10 batanvlog
END